#Layer_Color=32768
#
#Feature symbol names
#
$0 r1.9685
$1 r2
$2 r3.937

#
#Feature attribute names
#

#
#Layer features
#
A 1.129 1.884 1.129 1.884 1.119 1.884 1 P 0 N
A 1.4847763 2.3329968 1.4847763 2.3329968 1.4709968 2.3329968 0 P 0 N
A 1.4847763 2.3329969 1.4847763 2.3329969 1.4709968 2.3329969 0 P 0 N
A 1.6387795 2.33 1.6387795 2.33 1.625 2.33 0 P 0 N
A 1.6387795 2.3300001 1.6387795 2.3300001 1.625 2.3300001 0 P 0 N
A 1.653 1.921 1.653 1.921 1.648 1.921 0 P 0 N
A 1.654 1.771 1.654 1.771 1.649 1.771 0 P 0 N
A 1.779 2.29 1.779 2.29 1.774 2.29 0 P 0 N
A 2.133 2.147 2.133 2.147 2.128 2.147 0 P 0 N
A 2.1417795 2.4000001 2.1417795 2.4000001 2.128 2.4000001 0 P 0 N
A 2.2537795 2.0749999 2.2537795 2.0749999 2.24 2.0749999 0 P 0 N
A 2.304 1.152 2.304 1.152 2.294 1.152 1 P 0 N
A 2.4587794 1.434 2.4587794 1.434 2.4449999 1.434 0 P 0 N
A 2.4597794 1.552 2.4597794 1.552 2.4459999 1.552 0 P 0 N
A 2.4627795 1.435 2.4627795 1.435 2.449 1.435 0 P 0 N
A 2.4637795 1.552 2.4637795 1.552 2.45 1.552 0 P 0 N
A 2.4897795 2.9949999 2.4897795 2.9949999 2.476 2.9949999 0 P 0 N
A 2.534 3.13 2.534 3.13 2.524 3.13 1 P 0 N
A 2.5397795 2.6029999 2.5397795 2.6029999 2.526 2.6029999 0 P 0 N
A 2.5417795 2.4600001 2.5417795 2.4600001 2.528 2.4600001 0 P 0 N
A 2.6207795 2.6029999 2.6207795 2.6029999 2.607 2.6029999 0 P 0 N
A 2.6217795 2.2580001 2.6217795 2.2580001 2.608 2.2580001 0 P 0 N
A 2.6217795 2.3990001 2.6217795 2.3990001 2.608 2.3990001 0 P 0 N
A 2.6997795 2.3169999 2.6997795 2.3169999 2.686 2.3169999 0 P 0 N
A 2.7197795 2.7539999 2.7197795 2.7539999 2.706 2.7539999 0 P 0 N
A 2.797 2.277 2.797 2.277 2.792 2.277 0 P 0 N
A 2.797 2.355 2.797 2.355 2.792 2.355 0 P 0 N
A 2.8037796 3.166 2.8037796 3.166 2.7900001 3.166 0 P 0 N
A 2.8188963 1.505992 2.8188963 1.505992 2.8051168 1.505992 0 P 0 N
A 2.8577715 2.7458832 2.8577715 2.7458832 2.843992 2.7458832 0 P 0 N
A 2.8577715 2.8758832 2.8577715 2.8758832 2.843992 2.8758832 0 P 0 N
A 2.8997795 2.999 2.8997795 2.999 2.886 2.999 0 P 0 N
A 2.938 2.642 2.938 2.642 2.933 2.642 0 P 0 N
A 2.9467795 3.165 2.9467795 3.165 2.933 3.165 0 P 0 N
A 2.9477795 2.437 2.9477795 2.437 2.934 2.437 0 P 0 N
A 3.0877875 1.7671168 3.0877875 1.7671168 3.074008 1.7671168 0 P 0 N
A 3.201 1.518 3.201 1.518 3.196 1.518 0 P 0 N
L 1.069 1.384 1.069 2.384 1 P 0
L 1.069 1.384 1.169 1.384 1 P 0
L 1.069 2.384 1.169 2.384 1 P 0
L 1.099 1.884 1.139 1.884 1 P 0
L 1.119 1.864 1.119 1.904 1 P 0
L 1.169 1.384 1.169 2.384 1 P 0
L 1.284 1.0508189 1.284 1.2531811 1 P 0
L 1.284 1.0508189 3.302 1.0508189 1 P 0
L 1.284 1.2531811 3.302 1.2531811 1 P 0
L 1.396 1.56 1.396 2.128 1 P 0
L 1.396 1.56 1.599 1.56 1 P 0
L 1.396 2.128 1.599 2.128 1 P 0
L 1.4316267 2.2640993 1.4316267 2.4018945 0 P 0
L 1.4316267 2.2640993 1.5103669 2.2640993 0 P 0
L 1.4316267 2.4018945 1.5103669 2.4018945 0 P 0
L 1.4335952 2.2680362 1.4335952 2.3979574 0 P 0
L 1.4335952 2.2680362 1.5083984 2.2680362 0 P 0
L 1.4335952 2.3979574 1.5083984 2.3979574 0 P 0
L 1.4513118 2.3329968 1.4906818 2.3329968 0 P 0
L 1.4513118 2.3329969 1.4906818 2.3329969 0 P 0
L 1.4709968 2.3133118 1.4709968 2.3526818 0 P 0
L 1.4709968 2.3133119 1.4709968 2.3526819 0 P 0
L 1.5083984 2.2680362 1.5083984 2.3979574 0 P 0
L 1.5103669 2.2640993 1.5103669 2.4018945 0 P 0
L 1.5856299 2.2611025 1.5856299 2.3988977 0 P 0
L 1.5856299 2.2611025 1.6643701 2.2611025 0 P 0
L 1.5856299 2.3988977 1.6643701 2.3988977 0 P 0
L 1.5875984 2.2650394 1.5875984 2.3949606 0 P 0
L 1.5875984 2.2650394 1.6624016 2.2650394 0 P 0
L 1.5875984 2.3949606 1.6624016 2.3949606 0 P 0
L 1.599 1.56 1.599 2.128 1 P 0
L 1.605315 2.33 1.644685 2.33 0 P 0
L 1.605315 2.3300001 1.644685 2.3300001 0 P 0
L 1.6184724 1.8639134 1.6184724 1.9780866 0 P 0
L 1.6184724 1.8639134 1.6775276 1.8639134 0 P 0
L 1.6184724 1.9780866 1.6775276 1.9780866 0 P 0
L 1.6194724 1.7139134 1.6194724 1.8280866 0 P 0
L 1.6194724 1.7139134 1.6785276 1.7139134 0 P 0
L 1.6194724 1.8280866 1.6785276 1.8280866 0 P 0
L 1.625 2.310315 1.625 2.349685 0 P 0
L 1.625 2.3103151 1.625 2.3496851 0 P 0
L 1.638 1.921 1.658 1.921 0 P 0
L 1.639 1.771 1.659 1.771 0 P 0
L 1.648 1.911 1.648 1.931 0 P 0
L 1.649 1.761 1.649 1.781 0 P 0
L 1.6624016 2.2650394 1.6624016 2.3949606 0 P 0
L 1.6643701 2.2611025 1.6643701 2.3988977 0 P 0
L 1.6775276 1.8639134 1.6775276 1.9780866 0 P 0
L 1.6785276 1.7139134 1.6785276 1.8280866 0 P 0
L 1.7406693 1.645811 1.7406693 2.122189 0 P 0
L 1.7406693 1.645811 2.1993307 1.645811 0 P 0
L 1.7406693 2.122189 2.1993307 2.122189 0 P 0
L 1.7444724 2.2329134 1.7444724 2.3470866 0 P 0
L 1.7444724 2.2329134 1.8035276 2.2329134 0 P 0
L 1.7444724 2.3470866 1.8035276 2.3470866 0 P 0
L 1.764 2.29 1.784 2.29 0 P 0
L 1.774 2.28 1.774 2.3 0 P 0
L 1.8035276 2.2329134 1.8035276 2.3470866 0 P 0
L 1.8070157 2.1771024 1.8070157 2.3936378 2 P 0
L 1.8070157 2.1771024 2.1022913 2.1771024 2 P 0
L 1.8070157 2.3936378 2.1022913 2.3936378 2 P 0
L 1.9349684 2.2853701 1.9743385 2.2853701 2 P 0
L 1.950315 1.884 1.9896851 1.884 2 P 0
L 1.9546535 2.2656851 1.9546535 2.3050551 2 P 0
L 1.97 1.864315 1.97 1.903685 2 P 0
L 2.0709134 2.1174724 2.0709134 2.1765276 0 P 0
L 2.0709134 2.1174724 2.1850866 2.1174724 0 P 0
L 2.0709134 2.1765276 2.1850866 2.1765276 0 P 0
L 2.0886299 2.3311025 2.0886299 2.4688977 0 P 0
L 2.0886299 2.3311025 2.1673701 2.3311025 0 P 0
L 2.0886299 2.4688977 2.1673701 2.4688977 0 P 0
L 2.1022913 2.1771024 2.1022913 2.3936378 2 P 0
L 2.108315 2.4000001 2.147685 2.4000001 0 P 0
L 2.118 2.147 2.138 2.147 0 P 0
L 2.128 2.137 2.128 2.157 0 P 0
L 2.128 2.3803151 2.128 2.4196851 0 P 0
L 2.1673701 2.3311025 2.1673701 2.4688977 0 P 0
L 2.1850866 2.1174724 2.1850866 2.1765276 0 P 0
L 2.1993307 1.645811 2.1993307 2.122189 0 P 0
L 2.2006299 2.0061023 2.2006299 2.1438975 0 P 0
L 2.2006299 2.0061023 2.2793701 2.0061023 0 P 0
L 2.2006299 2.1438975 2.2793701 2.1438975 0 P 0
L 2.220315 2.0749999 2.259685 2.0749999 0 P 0
L 2.24 2.0553149 2.24 2.0946849 0 P 0
L 2.274 1.152 2.314 1.152 1 P 0
L 2.2793701 2.0061023 2.2793701 2.1438975 0 P 0
L 2.294 1.132 2.294 1.172 1 P 0
L 2.3761023 1.3946299 2.3761023 1.4733701 0 P 0
L 2.3761023 1.3946299 2.5138975 1.3946299 0 P 0
L 2.3761023 1.4733701 2.5138975 1.4733701 0 P 0
L 2.3771023 1.5126299 2.3771023 1.5913701 0 P 0
L 2.3771023 1.5126299 2.5148975 1.5126299 0 P 0
L 2.3771023 1.5913701 2.5148975 1.5913701 0 P 0
L 2.3840394 1.3975984 2.3840394 1.4724016 0 P 0
L 2.3840394 1.3975984 2.5139606 1.3975984 0 P 0
L 2.3840394 1.4724016 2.5139606 1.4724016 0 P 0
L 2.3850394 1.5145984 2.3850394 1.5894016 0 P 0
L 2.3850394 1.5145984 2.5149606 1.5145984 0 P 0
L 2.3850394 1.5894016 2.5149606 1.5894016 0 P 0
L 2.424 3.08 2.424 3.18 1 P 0
L 2.424 3.08 2.624 3.08 1 P 0
L 2.424 3.18 2.624 3.18 1 P 0
L 2.4253149 1.434 2.4646849 1.434 0 P 0
L 2.4263149 1.552 2.4656849 1.552 0 P 0
L 2.429315 1.435 2.468685 1.435 0 P 0
L 2.430315 1.552 2.469685 1.552 0 P 0
L 2.4366299 2.9261023 2.4366299 3.0638975 0 P 0
L 2.4366299 2.9261023 2.5153701 2.9261023 0 P 0
L 2.4366299 3.0638975 2.5153701 3.0638975 0 P 0
L 2.4449999 1.414315 2.4449999 1.453685 0 P 0
L 2.4459999 1.532315 2.4459999 1.571685 0 P 0
L 2.449 1.415315 2.449 1.454685 0 P 0
L 2.45 1.532315 2.45 1.571685 0 P 0
L 2.456315 2.9949999 2.495685 2.9949999 0 P 0
L 2.476 2.9753149 2.476 3.0146849 0 P 0
L 2.4866299 2.5341023 2.4866299 2.6718975 0 P 0
L 2.4866299 2.5341023 2.5653701 2.5341023 0 P 0
L 2.4866299 2.6718975 2.5653701 2.6718975 0 P 0
L 2.4886299 2.3911025 2.4886299 2.5288977 0 P 0
L 2.4886299 2.3911025 2.5673701 2.3911025 0 P 0
L 2.4886299 2.5288977 2.5673701 2.5288977 0 P 0
L 2.504 3.13 2.544 3.13 1 P 0
L 2.506315 2.6029999 2.545685 2.6029999 0 P 0
L 2.508315 2.4600001 2.547685 2.4600001 0 P 0
L 2.5138975 1.3946299 2.5138975 1.4733701 0 P 0
L 2.5139606 1.3975984 2.5139606 1.4724016 0 P 0
L 2.5148975 1.5126299 2.5148975 1.5913701 0 P 0
L 2.5149606 1.5145984 2.5149606 1.5894016 0 P 0
L 2.5153701 2.9261023 2.5153701 3.0638975 0 P 0
L 2.524 3.11 2.524 3.15 1 P 0
L 2.526 2.5833149 2.526 2.6226849 0 P 0
L 2.528 2.4403151 2.528 2.4796851 0 P 0
L 2.5653701 2.5341023 2.5653701 2.6718975 0 P 0
L 2.5673701 2.3911025 2.5673701 2.5288977 0 P 0
L 2.5676299 2.5341023 2.5676299 2.6718975 0 P 0
L 2.5676299 2.5341023 2.6463701 2.5341023 0 P 0
L 2.5676299 2.6718975 2.6463701 2.6718975 0 P 0
L 2.5686299 2.1891025 2.5686299 2.3268977 0 P 0
L 2.5686299 2.1891025 2.6473701 2.1891025 0 P 0
L 2.5686299 2.3268977 2.6473701 2.3268977 0 P 0
L 2.5686299 2.3301025 2.5686299 2.4678977 0 P 0
L 2.5686299 2.3301025 2.6473701 2.3301025 0 P 0
L 2.5686299 2.4678977 2.6473701 2.4678977 0 P 0
L 2.587315 2.6029999 2.626685 2.6029999 0 P 0
L 2.588315 2.2580001 2.627685 2.2580001 0 P 0
L 2.588315 2.3990001 2.627685 2.3990001 0 P 0
L 2.607 2.5833149 2.607 2.6226849 0 P 0
L 2.608 2.2383151 2.608 2.2776851 0 P 0
L 2.608 2.3793151 2.608 2.4186851 0 P 0
L 2.624 3.08 2.624 3.18 1 P 0
L 2.6463701 2.5341023 2.6463701 2.6718975 0 P 0
L 2.6466299 2.2481023 2.6466299 2.3858975 0 P 0
L 2.6466299 2.2481023 2.7253701 2.2481023 0 P 0
L 2.6466299 2.3858975 2.7253701 2.3858975 0 P 0
L 2.6473701 2.1891025 2.6473701 2.3268977 0 P 0
L 2.6473701 2.3301025 2.6473701 2.4678977 0 P 0
L 2.6487323 2.3893307 2.6487323 2.6806693 0 P 0
L 2.6487323 2.3893307 2.8652677 2.3893307 0 P 0
L 2.6487323 2.6806693 2.8652677 2.6806693 0 P 0
L 2.666315 2.3169999 2.705685 2.3169999 0 P 0
L 2.6666299 2.6851023 2.6666299 2.8228975 0 P 0
L 2.6666299 2.6851023 2.7453701 2.6851023 0 P 0
L 2.6666299 2.8228975 2.7453701 2.8228975 0 P 0
L 2.686 2.2973149 2.686 2.3366849 0 P 0
L 2.686315 2.7539999 2.725685 2.7539999 0 P 0
L 2.706 2.7343149 2.706 2.7736849 0 P 0
L 2.7211025 3.1266299 2.7211025 3.2053701 0 P 0
L 2.7211025 3.1266299 2.8588977 3.1266299 0 P 0
L 2.7211025 3.2053701 2.8588977 3.2053701 0 P 0
L 2.7253701 2.2481023 2.7253701 2.3858975 0 P 0
L 2.7349134 2.2474724 2.7349134 2.3065276 0 P 0
L 2.7349134 2.2474724 2.8490866 2.2474724 0 P 0
L 2.7349134 2.3065276 2.8490866 2.3065276 0 P 0
L 2.7349134 2.3254724 2.7349134 2.3845276 0 P 0
L 2.7349134 2.3254724 2.8490866 2.3254724 0 P 0
L 2.7349134 2.3845276 2.8490866 2.3845276 0 P 0
L 2.737315 2.535 2.776685 2.535 2 P 0
L 2.7421247 1.4134723 2.7421247 1.5985117 0 P 0
L 2.7421247 1.4134723 2.8681089 1.4134723 0 P 0
L 2.7421247 1.5985117 2.8681089 1.5985117 0 P 0
L 2.7453701 2.6851023 2.7453701 2.8228975 0 P 0
L 2.7514723 2.6828911 2.7514723 2.8088753 0 P 0
L 2.7514723 2.6828911 2.9365117 2.6828911 0 P 0
L 2.7514723 2.8088753 2.9365117 2.8088753 0 P 0
L 2.7514723 2.8128911 2.7514723 2.9388753 0 P 0
L 2.7514723 2.8128911 2.9365117 2.8128911 0 P 0
L 2.7514723 2.9388753 2.9365117 2.9388753 0 P 0
L 2.7521417 2.9340394 2.7521417 3.0639606 0 P 0
L 2.7521417 2.9340394 3.0198583 2.9340394 0 P 0
L 2.7521417 3.0639606 3.0198583 3.0639606 0 P 0
L 2.757 2.515315 2.757 2.5546851 2 P 0
L 2.7703151 3.166 2.8096851 3.166 0 P 0
L 2.782 2.277 2.802 2.277 0 P 0
L 2.782 2.355 2.802 2.355 0 P 0
L 2.7854318 1.505992 2.8248018 1.505992 0 P 0
L 2.7900001 3.146315 2.7900001 3.185685 0 P 0
L 2.792 2.267 2.792 2.287 0 P 0
L 2.792 2.345 2.792 2.365 0 P 0
L 2.8051168 1.486307 2.8051168 1.525677 0 P 0
L 2.824307 2.7458832 2.863677 2.7458832 0 P 0
L 2.824307 2.8758832 2.863677 2.8758832 0 P 0
L 2.843992 2.7261982 2.843992 2.7655682 0 P 0
L 2.843992 2.8561982 2.843992 2.8955682 0 P 0
L 2.8490866 2.2474724 2.8490866 2.3065276 0 P 0
L 2.8490866 2.3254724 2.8490866 2.3845276 0 P 0
L 2.8588977 3.1266299 2.8588977 3.2053701 0 P 0
L 2.8652677 2.3893307 2.8652677 2.6806693 0 P 0
L 2.866315 2.999 2.905685 2.999 0 P 0
L 2.8680394 3.1275984 2.8680394 3.2024016 0 P 0
L 2.8680394 3.1275984 2.9979606 3.1275984 0 P 0
L 2.8680394 3.2024016 2.9979606 3.2024016 0 P 0
L 2.8681089 1.4134723 2.8681089 1.5985117 0 P 0
L 2.8690394 2.3031417 2.8690394 2.5708583 0 P 0
L 2.8690394 2.3031417 2.9989606 2.3031417 0 P 0
L 2.8690394 2.5708583 2.9989606 2.5708583 0 P 0
L 2.8759134 2.6124724 2.8759134 2.6715276 0 P 0
L 2.8759134 2.6124724 2.9900866 2.6124724 0 P 0
L 2.8759134 2.6715276 2.9900866 2.6715276 0 P 0
L 2.883 1.286 2.883 1.65 1 P 0
L 2.883 1.286 3.16 1.286 1 P 0
L 2.883 1.65 3.16 1.65 1 P 0
L 2.886 2.979315 2.886 3.018685 0 P 0
L 2.913315 3.165 2.952685 3.165 0 P 0
L 2.914315 2.437 2.953685 2.437 0 P 0
L 2.923 2.642 2.943 2.642 0 P 0
L 2.933 2.632 2.933 2.652 0 P 0
L 2.933 3.145315 2.933 3.184685 0 P 0
L 2.934 2.417315 2.934 2.456685 0 P 0
L 2.9365117 2.6828911 2.9365117 2.8088753 0 P 0
L 2.9365117 2.8128911 2.9365117 2.9388753 0 P 0
L 2.9814883 1.7041247 2.9814883 1.8301089 0 P 0
L 2.9814883 1.7041247 3.1665277 1.7041247 0 P 0
L 2.9814883 1.8301089 3.1665277 1.8301089 0 P 0
L 2.9900866 2.6124724 2.9900866 2.6715276 0 P 0
L 2.9979606 3.1275984 2.9979606 3.2024016 0 P 0
L 2.9989606 2.3031417 2.9989606 2.5708583 0 P 0
L 3.0198583 2.9340394 3.0198583 3.0639606 0 P 0
L 3.054323 1.7671168 3.093693 1.7671168 0 P 0
L 3.074008 1.7474318 3.074008 1.7868018 0 P 0
L 3.16 1.286 3.16 1.65 1 P 0
L 3.1664724 1.4609134 3.1664724 1.5750866 0 P 0
L 3.1664724 1.4609134 3.2255276 1.4609134 0 P 0
L 3.1664724 1.5750866 3.2255276 1.5750866 0 P 0
L 3.1665277 1.7041247 3.1665277 1.8301089 0 P 0
L 3.186 1.518 3.206 1.518 0 P 0
L 3.196 1.508 3.196 1.528 0 P 0
L 3.2255276 1.4609134 3.2255276 1.5750866 0 P 0
L 3.302 1.0508189 3.302 1.2531811 1 P 0
